0.72579769999999999 -0.001408 -0.000021 0.043419 0.000386020255973562598 -0.00183511932846158743 -0.00139181583654135466 0.999997317790985107
0.829419899999999988 -0.003157 0.000413 0.087378 -0 -0.00308333290740847588 -0.00160558440256863832 0.999993979930877686
0.933146699999999996 -0.005493 -0.000848 0.130604 -0.0019758809357881546 -0.00391006330028176308 -0.00117085746023803949 0.999989748001098633
1.24424200000000007 -0.000262 -0.000321 0.052526 0.000211431979550980031 -0.00117720349226146936 0 0.999999284744262695
1.34797900000000004 -0.000302 -0.000639 0.105538 0.000503308780025690794 -0.00219387211836874485 0.00166481710039079189 0.999996066093444824
1.45159600000000011 -0.001211 -0.000329 0.157968 0.000572560529690235853 -0.0029851121362298727 0.00174351281020790339 0.999993860721588135
1.76256900000000005 -0.000843 -0.000481 0.056481 0.00125679082702845335 -0.000345266977092251182 -0.000211431979550980031 0.999999105930328369
1.86630199999999991 -0.002160 -0.000312 0.113648 0.00256638135761022568 -0.000827921146992594004 -0.00243529514409601688 0.999993383884429932
1.96992300000000009 -0.003324 -0.000652 0.171800 0.0025692828930914402 -0.000999188516288995743 -0.00294743571430444717 0.999991834163665771
2.28101699999999985 -0.000595 -0.000628 0.059465 -0 -0.000299010018352419138 0.000440130796050652862 0.999999880790710449
2.38463899999999995 -0.000898 -0.001226 0.118745 0.000322967680403962731 -0.00107116263825446367 0.000456745299743488431 0.999999284744262695
2.48824999999999985 -0.001074 -0.001770 0.177826 0.000984162441454827785 -0.00154889875557273626 0.000953399692662060261 0.999997913837432861
3.31766899999999998 -0.000977 0.000235 0.057127 0.00188320910092443228 0.00109183008316904306 0.0003662109375 0.999997556209564209
3.42128500000000013 -0.001045 -0.000201 0.114111 0.00152953679207712412 0.00171333854086697102 0.0016331896185874939 0.999996066093444824
3.52492500000000009 -0.000181 -0.002473 0.171164 -0.00157749606296420097 0.00178155757021158934 0.00162862113211303949 0.999995827674865723
3.62854499999999991 -0.001427 -0.001998 0.229764 -0.0029900998342782259 0.00155370146967470646 0.00417723134160041809 0.999985575675964355
3.73225600000000002 -0.000515 -0.002693 0.287049 -0.00248076184652745724 0.0010986328125 0.00730282533913850784 0.999969661235809326
3.83587100000000003 -0.001152 -0.003234 0.345508 -0.000711786095052957535 0.000752491934690624475 0.00862649362534284592 0.999962270259857178
3.93948799999999988 -0.002945 -0.002447 0.401623 0.00216653337702155113 0.000272957549896091223 0.00718039181083440781 0.999971866607666016
4.04310700000000001 -0.001300 -0.004093 0.459466 0.00239519239403307438 -0.0011121134739369154 0.00626019621267914772 0.999976933002471924
4.14688799999999969 -0.003793 -0.005238 0.516840 0.00194930657744407654 -0.000440130766946822405 0.00554312113672494888 0.999982655048370361
4.25046000000000035 -0.003690 -0.004165 0.577823 0.000711786095052957535 -0.00176052306778728962 0.00453963736072182655 0.999987900257110596
4.35420199999999991 -0.004579 -0.005939 0.636395 -0.000386020226869732141 -0.00212836870923638344 0.00441988930106163025 0.999987900257110596
4.45793999999999979 -0.004480 -0.006658 0.696619 -0.00176475010812282562 -0.00280230492353439331 0.00394421303644776344 0.999986767768859863
4.56155899999999992 -0.004940 -0.005959 0.756979 -0.00308333290740847588 -0.00299010006710886955 0.00457560224458575249 0.999980330467224121
4.66529300000000013 -0.006211 -0.009651 0.814203 -0.00553774274885654449 -0.0024656995665282011 0.00159627653192728758 0.999980390071868896
4.76891200000000026 -0.011956 -0.006320 0.877345 -0.00309779727831482887 -0.00221078749746084213 0.000572560529690235853 0.999992609024047852
5.07990899999999979 -0.000738 -0.000938 0.063326 -0.000172633503098040819 -0.000172633503098040819 0.000172633503098040819 1
5.18350299999999997 -0.001316 -0.001558 0.125575 -0.000322967680403962731 -0.000322967680403962731 0.0006103515625 0.999999701976776123
5.28711700000000029 -0.002935 -0.002791 0.188225 -0.00111879303585737944 -0 0.000517900509294122458 0.999999284744262695
5.90918499999999991 -0.000284 -0.000714 0.053242 -0 -0 0.000690533954184502363 0.999999761581420898
6.0129210000000004 -0.000635 -0.001336 0.106254 0.0008097228710539639 -0 0.00196832465007901192 0.999997735023498535
6.11654099999999978 -0.001395 -0.002851 0.157515 0.00125679082702845335 0.000386020226869732141 0.00304931541904807091 0.999994456768035889
6.42765900000000023 0.000357 -0.000334 0.057385 -0.0021001771092414856 -0.000622438907157629728 0.000322967680403962731 0.999997556209564209
6.53138299999999994 0.000438 -0.000907 0.114662 -0.00315262982621788979 -0.00150002515874803066 -0.00053209217730909586 0.999993741512298584
6.63499199999999956 0.000650 -0.001800 0.170632 -0.00150002515874803066 -0.00273775169625878334 -0.0008544921875 0.999994754791259766
6.73874100000000009 0.000112 -0.001875 0.224921 0.00305663677863776684 -0.00393475638702511787 -0.00240140571258962154 0.999984681606292725
6.84234999999999971 -0.000582 -0.003325 0.279655 0.00583005603402853012 -0.00447017466649413109 -0.00437584239989519119 0.999963462352752686
6.94596299999999989 -0.000774 -0.004865 0.332882 0.00535998493432998657 -0.005540432408452034 -0.0069547947496175766 0.999946117401123047
8.08611100000000071 -0.000038 -0.001156 0.059425 0.00130335439462214708 -0.00185128801967948675 -0.00300005055032670498 0.999992966651916504
8.1898490000000006 -0.000370 -0.001885 0.087822 0.00494196359068155289 -0.00246871937997639179 -0.00336524634622037411 0.999979078769683838
8.29346999999999923 -0.000437 -0.002537 0.114960 0.0079204728826880455 -0.00329363718628883362 -0.00330943404696881771 0.999957740306854248
8.39710200000000029 -0.000524 -0.003236 0.141579 0.00842462014406919479 -0.00364784011617302895 -0.00375055940821766853 0.999950826168060303
8.50084700000000026 -0.001850 -0.003803 0.167621 0.00677132792770862579 -0.00366820814087986946 -0.00491020176559686661 0.999958336353302002
8.60443800000000003 -0.002270 -0.004897 0.192729 0.00561390724033117294 -0.00431065494194626808 -0.00492988759651780128 0.999962806701660156
8.70817500000000067 -0.002470 -0.005706 0.216822 0.0072259032167494297 -0.00492837652564048767 -0.00354844797402620316 0.999955475330352783
8.81179500000000004 -0.002401 -0.006226 0.240980 0.0100357839837670326 -0.0048260251060128212 0.000122070327051915228 0.999938011169433594
8.91540299999999952 -0.002121 -0.007142 0.263873 0.0123333306983113289 -0.00451825093477964401 0.00203897617757320404 0.999911665916442871
9.01916199999999968 -0.002332 -0.007847 0.286497 0.0124397976323962212 -0.0029625636525452137 0.000871756405103951693 0.999917864799499512
9.12288999999999994 -0.003326 -0.008337 0.307513 0.0110451709479093552 -0.000322967680403962731 -0.00157749606296420097 0.999937713146209717
9.2265119999999996 -0.003227 -0.008925 0.328755 0.00960407126694917679 0.00196073949337005615 -0.000690533954184502363 0.999951720237731934
9.33024699999999996 -0.002627 -0.009906 0.349629 0.007330319844186306 0.00480591319501399994 0.00139181572012603283 0.999960601329803467
9.43398600000000087 -0.002703 -0.010838 0.369748 0.00543452845886349678 0.00928697548806667328 0.00382724986411631107 0.999934792518615723
9.53774899999999981 -0.002329 -0.011853 0.389569 0.00523196253925561905 0.0148840704932808876 0.0019834078848361969 0.999873578548431396
9.64158699999999946 -0.001693 -0.012352 0.408366 0.00540014542639255524 0.0228245370090007782 -0.00067965872585773468 0.999724686145782471
9.74534200000000084 -0.000909 -0.012666 0.427259 0.00504934508353471756 0.0322554484009742737 -0.00323428749106824398 0.999461710453033447
9.84922899999999935 0.001051 -0.013197 0.445182 0.00469296472147107124 0.0433928631246089935 -0.00223758583888411522 0.999044537544250488
9.95305899999999966 0.002865 -0.013528 0.462783 0.00417901482433080673 0.0571002103388309479 -0.000598020036704838276 0.998359560966491699
10.0569299999999995 0.006924 -0.013768 0.480544 0.00356729468330740929 0.0715673565864562988 0 0.997429430484771729
10.1608300000000007 0.010819 -0.013353 0.497944 0.0033139337319880724 0.0883665233850479126 -0.000122070327051915228 0.996082544326782227
10.2646599999999992 0.015201 -0.014129 0.513073 0.00280761742033064365 0.106851145625114441 0.000366210966603830457 0.994271039962768555
10.3686699999999998 0.020148 -0.014603 0.528074 0.00267721130512654781 0.127330824732780457 0.000818872591480612755 0.991856396198272705
10.4726400000000002 0.025748 -0.015722 0.543651 0.00184322136919945478 0.15039430558681488 0.00109863292891532183 0.98862379789352417
10.5766299999999998 0.032420 -0.016134 0.557132 0.00244750222191214561 0.174461588263511658 0.000299009989248588681 0.984660863876342773
10.6806199999999993 0.038808 -0.017184 0.570135 0.00311936833895742893 0.20167127251625061 0.000585428671911358833 0.979448139667510986
10.7846100000000007 0.046627 -0.017286 0.583697 0.00406147632747888565 0.230004817247390747 0.000559396517928689718 0.973180890083312988
10.8887499999999999 0.054663 -0.018173 0.595289 0.00380577589385211468 0.260159909725189209 0.000645935419015586376 0.965557873249053955
10.9927200000000003 0.064557 -0.018376 0.607669 0.00430546700954437256 0.291269987821578979 0.000598019978497177362 0.956631004810333252
11.0965900000000008 0.075384 -0.018326 0.619026 0.00558596756309270859 0.32274860143661499 0.00125679082702845335 0.946467399597167969
11.2005700000000008 0.086261 -0.019158 0.629155 0.00571648962795734406 0.353864520788192749 0.00237017706967890263 0.935276269912719727
11.3043099999999992 0.097947 -0.019291 0.639021 0.00534467305988073349 0.38438040018081665 0.00296004791744053364 0.923154652118682861
11.4081799999999998 0.109975 -0.019750 0.647833 0.0032388914842158556 0.414164036512374878 0.00242916843853890896 0.910193264484405518
11.5119199999999999 0.122976 -0.019513 0.655230 0.00330943404696881771 0.442235946655273438 0.00258374144323170185 0.896888911724090576
11.6155299999999997 0.135976 -0.020310 0.663716 0.00350195029750466347 0.4712563157081604 0.00409981841221451759 0.881979823112487793
11.7192699999999999 0.149642 -0.019741 0.670113 0.00617511710152029991 0.497447073459625244 0.00639443378895521164 0.867448806762695312
11.8227700000000002 0.163798 -0.020389 0.672157 0.00584154622629284859 0.518594980239868164 0.00796923879534006119 0.854963004589080811
11.92638 0.177545 -0.020041 0.677837 0.00544001022353768349 0.542406201362609863 0.00499743456020951271 0.840083956718444824
467.679599999999994 0.004260 0.007286 -0.231637 0.0101787904277443886 0.0115128550678491592 0.00320187420584261417 0.999876797199249268
467.783200000000022 0.004637 0.005759 -0.185251 0.00930140633136034012 0.0115238521248102188 0.00208950741216540337 0.999888181686401367
467.887 0.003558 0.004931 -0.140225 0.00760175660252571106 0.0120002012699842453 0.00239519239403307438 0.999896228313446045
467.990599999999972 0.006086 0.004072 -0.094333 0.00683266762644052505 0.0111752692610025406 0.00282876729033887386 0.999910235404968262
468.094200000000001 0.004085 0.002252 -0.049093 0.00579801853746175766 0.01224481500685215 0.00318554393015801907 0.99990314245223999
468.197999999999979 0.004472 -0.000294 -0.003834 0.00339390593580901623 0.0123665118589997292 0.00227063917554914951 0.999915182590484619
468.301600000000008 0.004981 -0.000964 0.041893 0.00194930669385939837 0.0124780712649226189 0.00140248122625052929 0.999919295310974121
468.405199999999979 0.005879 -0.001911 0.086885 0.00456582196056842804 0.01239780243486166 0.000503308838233351707 0.999912619590759277
468.508800000000008 0.006994 -0.002636 0.131827 0.00957610365003347397 0.012150750495493412 0.000701240613125264645 0.999880135059356689
468.61239999999998 0.007730 -0.003994 0.177341 0.0115953944623470306 0.0122466394677758217 0.000345266977092251182 0.999857723712921143
468.715899999999976 0.008450 -0.005787 0.221954 0.0116229923442006111 0.0121752526611089706 0.00234489445574581623 0.999855637550354004
468.81959999999998 0.009946 -0.007243 0.267201 0.0133570805191993713 0.0120343007147312164 0.00584154576063156128 0.999821305274963379
468.923200000000008 0.010751 -0.008492 0.312067 0.0141832884401082993 0.0122399460524320602 0.00540290446951985359 0.999809920787811279
469.02679999999998 0.011719 -0.010431 0.356397 0.0113177020102739334 0.0123779540881514549 0.00868073571473360062 0.999821662902832031
469.130400000000009 0.011592 -0.011500 0.401297 0.00803070515394210815 0.0132512366399168968 0.00943027716130018234 0.999835491180419922
469.234100000000012 0.012929 -0.013252 0.445789 0.00542217632755637169 0.0134327281266450882 0.00825487915426492691 0.999861061573028564
469.337699999999984 0.014457 -0.014185 0.490724 0.00397806894034147263 0.0134355006739497185 0.00737086404114961624 0.999874651432037354
469.441500000000019 0.015558 -0.015416 0.534898 0.00267442665062844753 0.013551454059779644 0.00510364864021539688 0.999891579151153564
469.545099999999991 0.015812 -0.015872 0.579297 0.00384085276164114475 0.0144136045128107071 0.00306394044309854507 0.999884068965911865
469.648799999999994 0.016238 -0.016920 0.622104 0.00692903622984886169 0.0148273976519703865 0.00159160210750997066 0.999864816665649414
