0.72579769999999999 -0.001408 -0.000021 0.043419 0.000386020255973562598 -0.00183511932846158743 -0.00139181583654135466 0.999997317790985107
0.829419899999999988 -0.003190 0.000412 0.087358 -0 -0.00308333290740847588 -0.00162403995636850595 0.999993979930877686
0.933146699999999996 -0.005513 -0.000608 0.130912 -0.00187924853526055813 -0.00391196785494685173 -0.00119603995699435472 0.999989867210388184
1.24424200000000007 -0.000262 -0.000321 0.052526 0.000211431979550980031 -0.00117720349226146936 0 0.999999284744262695
1.34797900000000004 -0.000278 -0.000711 0.105546 0.000456745299743488431 -0.00221751723438501358 0.00168262317311018705 0.999996006488800049
1.45159600000000011 -0.001463 -0.000374 0.157782 0.000559396459721028805 -0.00284452643245458603 0.00173494510818272829 0.999994277954101562
1.76256900000000005 -0.000843 -0.000481 0.056481 0.00125679082702845335 -0.000345266977092251182 -0.000211431979550980031 0.999999105930328369
1.86630199999999991 -0.002048 -0.000329 0.113668 0.0025692828930914402 -0.000888685288373380899 -0.00241686892695724964 0.999993383884429932
1.96992300000000009 -0.002932 -0.001113 0.172172 0.00224091322161257267 -0.00128609070088714361 -0.0028366579208523035 0.999992668628692627
2.28101699999999985 -0.000595 -0.000628 0.059465 -0 -0.000299010018352419138 0.000440130796050652862 0.999999880790710449
2.38463899999999995 -0.000978 -0.001199 0.118710 0.000345267006196081638 -0.00102131359744817019 0.000440130796050652862 0.999999344348907471
2.48824999999999985 -0.000999 -0.001773 0.177927 0.000961182639002799988 -0.00159160222392529249 0.000976562616415321827 0.999997854232788086
3.31766899999999998 -0.000977 0.000235 0.057127 0.00188320910092443228 0.00109183008316904306 0.0003662109375 0.999997556209564209
3.42128500000000013 -0.001045 -0.000201 0.114111 0.00152953679207712412 0.00171333854086697102 0.0016331896185874939 0.999996066093444824
3.52492500000000009 -0.000181 -0.002473 0.171164 -0.00157749606296420097 0.00178155757021158934 0.00162862113211303949 0.999995827674865723
3.62854499999999991 -0.001427 -0.001998 0.229764 -0.0029900998342782259 0.00155370146967470646 0.00417723134160041809 0.999985575675964355
3.73225600000000002 -0.001030 -0.002664 0.287626 -0.0024383526761084795 0.00117720349226146936 0.00718246633186936378 0.999970555305480957
3.83587100000000003 -0.001213 -0.003127 0.346198 -0.000456745299743488431 0.000244140625 0.00849507655948400497 0.999963760375976562
3.93948799999999988 -0.003270 -0.002211 0.400915 0.00274318922311067581 0.000610351620707660913 0.00613152794539928436 0.999977290630340576
4.04310700000000001 -0.005470 -0.003689 0.460383 0.00287319417111575603 0 0.00566674582660198212 0.999979853630065918
4.14688799999999969 -0.004239 -0.003901 0.516627 0.00244445609860122204 -0.000211431979550980031 0.00566016742959618568 0.99998098611831665
4.25046000000000035 -0.003851 -0.003778 0.575078 0.00101399212144315243 -0.00154889863915741444 0.00424797693267464638 0.99998927116394043
4.35420199999999991 -0.007028 -0.005249 0.633931 0.000322967680403962731 -0.00118979427497833967 0.00356938270851969719 0.999992847442626953
4.45793999999999979 -0.006117 -0.006488 0.694448 -0.00132039247546344995 -0.00220065400935709476 0.00326865934766829014 0.999991416931152344
4.76891200000000026 -0.000155 -0.000954 0.057093 0.000244140654103830457 -0.000172633503098040819 -0.000122070327051915228 1
4.87253199999999964 -0.000704 -0.001449 0.114095 0.00130335439462214708 -0 -0.00021143199410289526 0.999999165534973145
4.97614599999999996 -0.000803 -0.002690 0.170776 0.00197964790277183056 -0.00053209217730909586 -0.00118979427497833967 0.999997198581695557
5.49447300000000016 -0.000357 -0.000995 0.058098 0.00202798424288630486 -0.00048828125 -0.000668606662657111883 0.999997615814208984
5.59823299999999957 -0.000988 -0.001781 0.115744 0.00258662388660013676 -0.000585428730119019747 -0.00106418447103351355 0.999995946884155273
5.70182900000000004 -0.001083 -0.002654 0.172871 0.000913490657694637775 -0.00042286398820579052 -0.000345267006196081638 0.999999463558197021
5.80557099999999959 -0.000657 -0.003564 0.231026 -0.000836871913634240627 -0.000559396459721028805 0.0010500885546207428 0.999998927116394043
5.90918499999999991 -0.001326 -0.004405 0.287447 -0.000921610684599727392 -0.000322967709507793188 0.00152465782593935728 0.999998390674591064
6.0129210000000004 -0.002232 -0.004846 0.346000 -0.0001220703125 -0.000211431979550980031 0.00288354791700839996 0.999995827674865723
6.11654099999999978 -0.004540 -0.006329 0.405178 0.00099170394241809845 0 0.0025808562058955431 0.999996185302734375
6.22027800000000042 -0.004103 -0.006395 0.461908 0.000984162441454827785 -0.000854492245707660913 0.00243223388679325581 0.99999624490737915
6.32389500000000027 -0.004548 -0.007013 0.518269 -0.000809722929261624813 -0.00120843457989394665 0.00380773306824266911 0.999991714954376221
6.42765900000000023 -0.004308 -0.008463 0.574492 -0.00378614827059209347 -0.00144435558468103409 0.00432101357728242874 0.999982476234436035
6.53138299999999994 -0.006107 -0.009757 0.623911 -0.00511385779827833176 -0.0010711627546697855 0.00326637923717498779 0.999981045722961426
6.63499199999999956 -0.007394 -0.010471 0.677762 -0.00269108987413346767 -0.00100661756005138159 0.00166928640101104975 0.999994456768035889
8.08611100000000071 -0.000038 -0.001156 0.059425 0.00130335439462214708 -0.00185128801967948675 -0.00300005055032670498 0.999992966651916504
8.1898490000000006 -0.000269 -0.001905 0.087724 0.00492686452344059944 -0.00250467355363070965 -0.00334971281699836254 0.999979138374328613
8.29346999999999923 -0.000323 -0.002631 0.114890 0.00786383077502250671 -0.00334748788736760616 -0.00332291470840573311 0.99995797872543335
8.39710200000000029 -0.000306 -0.003396 0.141547 0.00833392515778541565 -0.00374857243150472641 -0.00373064121231436729 0.999951303005218506
8.50084700000000026 -0.001432 -0.003883 0.167451 0.00673823710530996323 -0.00397619558498263359 -0.00487975962460041046 0.999957501888275146
8.60443800000000003 -0.001777 -0.004963 0.192500 0.00556324655190110207 -0.00468183821067214012 -0.00491626700386404991 0.999961495399475098
8.70817500000000067 -0.001783 -0.005771 0.216662 0.00718246633186936378 -0.00539876567199826241 -0.00351045024581253529 0.99995344877243042
8.81179500000000004 -0.002133 -0.006313 0.240449 0.00996874365955591202 -0.00508756516501307487 0.000211431979550980031 0.999937355518341064
8.91540299999999952 -0.001773 -0.006881 0.263481 0.0125328833237290382 -0.00481365853920578957 0.0020571656059473753 0.999907791614532471
9.01916199999999968 -0.002164 -0.007958 0.285972 0.0123965991660952568 -0.00319021823816001415 0.000897029938641935587 0.999917685985565186
9.12288999999999994 -0.002866 -0.009095 0.307608 0.0106865577399730682 -0.000690534012392163277 -0.00144435558468103409 0.999941647052764893
9.2265119999999996 -0.002878 -0.009745 0.328804 0.00916909798979759216 0.00162862113211303949 -0.000517900451086461544 0.999956488609313965
9.33024699999999996 -0.002246 -0.010730 0.348954 0.00686855707317590714 0.00490108877420425415 0.00148002384230494499 0.999963283538818359
9.43398600000000087 -0.001266 -0.010997 0.369254 0.00543589936569333076 0.00891781877726316452 0.00362119055353105068 0.999938905239105225
9.53774899999999981 -0.000768 -0.011590 0.388891 0.00547141954302787781 0.0144182555377483368 0.001953125 0.999879181385040283
9.64158699999999946 0.000085 -0.012188 0.407921 0.0056072683073580265 0.0220017991960048676 -0.000622438965365290642 0.999742031097412109
9.74534200000000084 0.000714 -0.012246 0.426694 0.0054304143413901329 0.0315161347389221191 -0.00328003638423979282 0.999483108520507812
9.84922899999999935 0.002648 -0.012947 0.444957 0.00497951172292232513 0.0425421632826328278 -0.00227719242684543133 0.999079704284667969
9.95305899999999966 0.004979 -0.013483 0.462517 0.00429507158696651459 0.0559803880751132965 -0.000572560587897896767 0.998422503471374512
10.0569299999999995 0.008319 -0.013639 0.479694 0.00377037236467003822 0.0707527771592140198 0 0.997486770153045654
10.1608300000000007 0.012189 -0.014159 0.496503 0.00285498425364494324 0.087248682975769043 0.000211431979550980031 0.996182441711425781
10.2646599999999992 0.016415 -0.014868 0.512130 0.00228046183474361897 0.10587184876203537 0.000742524804081767797 0.994376957416534424
10.3686699999999998 0.021343 -0.015428 0.526928 0.00175203860271722078 0.126258239150047302 0.000701240554917603731 0.991995632648468018
10.4726400000000002 0.027492 -0.015869 0.543462 0.00135931745171546936 0.148990809917449951 0.000622438907157629728 0.988837480545043945
10.5766299999999998 0.033588 -0.016720 0.556681 0.00170024286489933729 0.173224791884422302 0.000122070327051915228 0.98488086462020874
10.6806199999999993 0.040633 -0.017267 0.569705 0.0026993828359991312 0.199990332126617432 0 0.979794144630432129
10.7846100000000007 0.048139 -0.017405 0.582667 0.00346344267018139362 0.229148223996162415 -0.0001220703125 0.973385393619537354
10.8887499999999999 0.056391 -0.018116 0.594861 0.00338731403462588787 0.259483158588409424 -0.000272957549896091223 0.96574169397354126
10.9927200000000003 0.065782 -0.018799 0.606668 0.0036823982372879982 0.290701419115066528 0.000345266977092251182 0.956806659698486328
11.0965900000000008 0.075520 -0.019131 0.617317 0.00465630646795034409 0.322538942098617554 0.00140778347849845886 0.946543693542480469
11.2005700000000008 0.086407 -0.019193 0.627503 0.00544958841055631638 0.353566765785217285 0.00188320910092443228 0.935391545295715332
11.3043099999999992 0.097727 -0.019544 0.637094 0.0046482989564538002 0.384209096431732178 0.00255765719339251518 0.923230886459350586
11.4081799999999998 0.110551 -0.019914 0.644677 0.00284190592356026173 0.412308663129806519 0.00256056850776076317 0.911036193370819092
11.5119199999999999 0.123722 -0.019423 0.652419 0.00366414338350296021 0.440521150827407837 0.0036005568690598011 0.897727549076080322
11.6155299999999997 0.138442 -0.017778 0.660954 0.00726702995598316193 0.467652797698974609 0.00594521313905715942 0.883862435817718506
11.7192699999999999 0.152350 -0.017002 0.667465 0.0103874588385224342 0.49352988600730896 0.00799350813031196594 0.869630098342895508
11.8227700000000002 0.166264 -0.017393 0.672746 0.0101568084210157394 0.517473876476287842 0.00920963753014802933 0.855589210987091064
11.92638 0.178971 -0.019169 0.673939 0.00669274944812059402 0.538909912109375 0.00635469518601894379 0.842312932014465332
467.679599999999994 0.004847 0.007382 -0.231668 0.0101597411558032036 0.0115024959668517113 0.00304687116295099258 0.999877572059631348
467.783200000000022 0.002754 0.006015 -0.185418 0.00940416939556598663 0.0122940028086304665 0.00228046183474361897 0.999877631664276123
467.887 0.002819 0.003867 -0.140405 0.00726395333185791969 0.0124134169891476631 0.00226735556498169899 0.999894022941589355
467.990599999999972 0.004918 0.004059 -0.094630 0.00688264425843954086 0.0117422500625252724 0.00278363144025206566 0.999903500080108643
468.094200000000001 0.003325 0.002581 -0.049494 0.00599885871633887291 0.0126676997169852257 0.00318320421501994133 0.999896705150604248
468.197999999999979 0.004011 0.000154 -0.003632 0.0035526445135474205 0.0126276416704058647 0.00233534257858991623 0.999911248683929443
468.301600000000008 0.004479 -0.000965 0.041788 0.00190679926890879869 0.0127865374088287354 0.00145463563967496157 0.999915361404418945
468.405199999999979 0.005648 -0.002067 0.086851 0.00447350647300481796 0.0125625710934400558 0.000585428671911358833 0.999910891056060791
468.508800000000008 0.006912 -0.003007 0.131852 0.00937481038272380829 0.0122082531452178955 0.000772040511947125196 0.999881267547607422
468.61239999999998 0.007763 -0.004239 0.177315 0.0114823980256915092 0.0122167933732271194 0.000345266977092251182 0.999859392642974854
468.715899999999976 0.008247 -0.005910 0.222133 0.0115277301520109177 0.0123321227729320526 0.0023096785880625248 0.999854862689971924
468.81959999999998 0.010531 -0.007670 0.267081 0.0131756793707609177 0.0118866655975580215 0.0059502236545085907 0.999824821949005127
468.923200000000008 0.011520 -0.009191 0.312380 0.0136707853525876999 0.0120088895782828331 0.0054782242514193058 0.999819457530975342
469.02679999999998 0.013311 -0.010622 0.357458 0.0111271636560559273 0.011903577484190464 0.00862908549606800079 0.999830067157745361
469.130400000000009 0.014248 -0.011908 0.402388 0.00777234230190515518 0.0120670683681964874 0.00934057310223579407 0.999853372573852539
469.234100000000012 0.015116 -0.013347 0.446947 0.00530690094456076622 0.0124092148616909981 0.00823590345680713654 0.999875068664550781
469.337699999999984 0.015758 -0.014664 0.491692 0.00363351474516093731 0.0128435138612985611 0.00720525113865733147 0.999884963035583496
469.441500000000019 0.016288 -0.015582 0.535614 0.00263230712153017521 0.0134825548157095909 0.00493743922561407089 0.999893486499786377
469.545099999999991 0.017693 -0.016607 0.580744 0.00322967721149325371 0.013728434219956398 0.00301491445861756802 0.999896049499511719
469.648799999999994 0.015407 -0.017042 0.623301 0.0065464293584227562 0.0155513938516378403 0.00108498462941497564 0.999857068061828613
469.752499999999998 0.015609 -0.017894 0.666874 0.00934057310223579407 0.0162252523005008698 -0.000781631388235837221 0.999824404716491699
